87
130
124
55
85
107
92
130
128
124
108
131
140
77
134
74
66
83
104
108
101
142
104
84
85
137
128
108
130
101
106
82
128
130
150
98
120
84
71
76
117
114
45
113
77
124
117
127
133
123
57
103
59
91
84
65
58
126
113
108
107
131
89
90
86
125
130
113
124
77
118
113
106
118
129
111
113
126
75
145
62
85
91
99
81
80
117
138
108
132
108
138
63
93
134
58
113
108
69
48
52
108
72
105
117
85
115
104
83
103
144
109
82
105
95
129
103
61
104
106
103
113
115
50
128
46
102
89
96
110
114
120
119
115
111
114
61
105
93
88
111
92
129
81
87
92
102
109
120
108
72
142
60
109
82
69
96
99
133
77
76
112
126
89
126
144
114
140
138
99
89
130
123
66
48
136
109
134
102
89
112
115
92
112
105
88
76
86
90
72
112
109
68
106
118
59
121
87
126
84
105
130
84
128
69
109
81
103
97
124
129
118
106
147
96
80
65
103
93
79
125
79
66
103
49
60
134
122
92
118
76
78
122
109
94
109
104
33
66
106
65
93
109
62
60
122
126
94
145
113
111
97
136
98
66
139
113
108
70
76
82
112
69
125
71
91
146
137
102
100
113
126
89
96
117
61
140
121
127
113
142
90
98
70
67
68
62
129
108
110
109
136
139
114
67
101
115
92
80
96
84
92
85
106
128
133
100
126
108
64
111
99
118
81
103
107
116
98
135
98
118
131
63
112
101
123
103
112
104
107
119
105
38
105
115
58
59
87
124
81
94
85
123
139
124
112
104
115
137
141
119
76
66
123
80
85
130
93
126
82
115
121
119
116
60
117
129
111
102
71
106
109
66
129
124
85
119
133
48
132
121
114
105
81
119
84
111
77
58
115
108
80
72
103
83
121
132
61
66
119
134
102
103
137
54
113
102
79
62
100
130
144
83
82
99
147
145
92
95
111
80
101
102
98
134
93
70
80
103
118
104
112
127
91
60
90
108
79
101
93
114
111
90
112
110
106
116
121
89
105
76
117
139
74
123
128
114
83
138
74
107
87
78
65
106
107
135
42
121
128
103
111
80
118
106
107
129
138
89
115
121
59
119
101
83
100
107
120
99
114
112
109
49
137
114
137
102
86
101
58
140
82
133
105
114
112
105
133
122
62
124
134
116
122
98
105
143
108
82
105
136
120
104
72
127
78
108
121
81
95
134
88
120
79
83
141
88
137
99
44
139
100
94
102
43
113
108
109
105
124
72
64
91
104
61
122
125
112
88
115
102
117
83
84
35
91
68
127
124
107
114
100
102
103
128
113
77
135
118
83
64
110
117
105
117
108
108
108
114
112
119
69
116
108
78
68
115
119
108
96
126
70
120
74
108
85
137
109
73
72
130
107
87
87
112
120
115
83
60
133
114
139
124
111
80
72
90
137
109
107
122
105
72
105
130
142
125
55
117
89
52
134
89
121
65
124
62
127
110
56
91
129
114
88
111
134
80
110
80
102
132
141
110
92
112
131
129
102
120
112
103
87
106
137
87
64
70
121
113
80
107
129
111
138
106
101
111
62
131
138
118
104
77
65
110
73
109
93
125
135
91
123
129
115
128
81
109
118
122
103
111
128
86
76
132
75
108
116
79
141
127
134
74
95
61
137
95
143
70
131
105
95
133
135
111
107
86
87
92
124
119
118
108
122
101
84
99
128
120
114
108
87
102
82
115
67
121
109
109
140
104
89
137
70
66
103
121
111
50
98
135
112
115
112
104
104
82
75
68
126
116
102
97
112
140
139
123
112
133
50
105
122
118
124
121
132
117
77
104
128
115
124
147
130
99
104
63
130
147
110
144
130
85
130
105
78
121
113
132
117
102
87
118
79
102
130
140
126
115
91
114
63
109
116
75
69
134
114
148
128
142
118
87
83
107
128
129
108
107
61
141
93
75
69
64
123
63
103
106
108
118
129
135
125
110
73
111
111
107
110
128
97
122
126
131
113
104
80
113
118
71
76
50
97
127
127
135
105
54
108
113
89
117
76
92
94
135
90
77
111
130
140
98
62
135
41
66
116
74
107
128
130
124
144
133
122
74
64
116
102
78
104
126
114
121
111
117
99
79
89
78
140
119
116
108
119
125
86
59
107
80
113
82
88
94
94
80
101
117
108
58
71
136
132
131
118
108
113
105
101
146
106
129
128
117
76
123
139
94
100
74
114
125
55
108
75
77
126
81
92
64
62
72
117
121
108
124
130
114
131
118
116
114
109
115
138
74
94
111
122
