6,0.0833333333333 27,0.0714285714286 30,0.0714285714286 32,0.0714285714286 37,0.0714285714286 1,0.630952380952
3,0.05 5,0.05 7,0.0555555555556 12,0.05 20,0.05 25,0.0625 48,0.0625 2,0.619444444444
2,0.05 5,0.05 7,0.05 12,0.05 20,0.05 23,0.05 25,0.05 35,0.05 46,0.05 3,0.55
9,0.0714285714286 34,0.05 36,0.0714285714286 43,0.0714285714286 45,0.0714285714286 47,0.0714285714286 4,0.592857142857
2,0.05 3,0.05 7,0.05 9,0.05 12,0.05 20,0.05 35,0.05 39,0.05 46,0.05 5,0.55
1,0.0833333333333 28,0.1 30,0.0714285714286 40,0.1 6,0.645238095238
2,0.0555555555556 3,0.05 5,0.05 12,0.05 20,0.05 25,0.0555555555556 32,0.0555555555556 48,0.0555555555556 7,0.577777777778
10,0.0833333333333 26,0.0833333333333 29,0.0714285714286 33,0.0833333333333 34,0.05 8,0.628571428571
4,0.0714285714286 5,0.05 36,0.0714285714286 9,0.807142857143
8,0.0833333333333 26,0.0833333333333 29,0.0714285714286 33,0.0833333333333 34,0.05 10,0.628571428571
14,0.166666666667 11,0.833333333333
2,0.05 3,0.05 5,0.05 7,0.05 20,0.05 23,0.05 25,0.05 35,0.05 46,0.05 12,0.55
14,0.166666666667 13,0.833333333333
11,0.166666666667 13,0.166666666667 14,0.666666666667
18,0.0833333333333 24,0.0833333333333 38,0.0833333333333 40,0.0833333333333 50,0.0833333333333 15,0.583333333333
18,0.1 23,0.0625 38,0.0833333333333 41,0.1 16,0.654166666667
21,0.0833333333333 27,0.0714285714286 37,0.0714285714286 42,0.0833333333333 49,0.0833333333333 17,0.607142857143
15,0.0833333333333 16,0.1 24,0.0833333333333 38,0.0833333333333 18,0.65
39,0.0833333333333 19,0.916666666667
2,0.05 3,0.05 5,0.05 7,0.05 12,0.05 23,0.05 35,0.05 39,0.05 46,0.05 20,0.55
17,0.0833333333333 22,0.1 26,0.0833333333333 27,0.0714285714286 21,0.661904761905
21,0.1 42,0.1 22,0.8
3,0.05 12,0.05 16,0.0625 20,0.05 35,0.0555555555556 41,0.0625 46,0.0625 23,0.606944444444
15,0.0833333333333 18,0.0833333333333 38,0.0833333333333 40,0.0833333333333 50,0.0833333333333 24,0.583333333333
2,0.0625 3,0.05 7,0.0555555555556 12,0.05 30,0.0625 32,0.0625 48,0.0625 25,0.594444444444
8,0.0833333333333 10,0.0833333333333 21,0.0833333333333 29,0.0714285714286 33,0.0833333333333 26,0.595238095238
1,0.0714285714286 17,0.0714285714286 21,0.0714285714286 37,0.0714285714286 42,0.0714285714286 49,0.0714285714286 27,0.571428571429
6,0.1 28,0.9
8,0.0714285714286 10,0.0714285714286 26,0.0714285714286 33,0.0714285714286 34,0.05 45,0.0714285714286 29,0.592857142857
1,0.0714285714286 6,0.0714285714286 25,0.0625 32,0.0714285714286 37,0.0714285714286 48,0.0714285714286 30,0.580357142857
38,0.0833333333333 31,0.916666666667
1,0.0714285714286 7,0.0555555555556 25,0.0625 30,0.0714285714286 37,0.0714285714286 48,0.0714285714286 32,0.59623015873
8,0.0833333333333 10,0.0833333333333 26,0.0833333333333 29,0.0714285714286 34,0.05 33,0.628571428571
4,0.05 8,0.05 10,0.05 29,0.05 33,0.05 36,0.05 43,0.05 45,0.05 47,0.05 34,0.55
3,0.05 5,0.05 12,0.05 20,0.05 23,0.0555555555556 39,0.0555555555556 41,0.0555555555556 46,0.0555555555556 35,0.577777777778
4,0.0714285714286 9,0.0714285714286 34,0.05 43,0.0714285714286 45,0.0714285714286 47,0.0714285714286 36,0.592857142857
1,0.0714285714286 17,0.0714285714286 27,0.0714285714286 30,0.0714285714286 32,0.0714285714286 48,0.0714285714286 37,0.571428571429
15,0.0833333333333 16,0.0833333333333 18,0.0833333333333 24,0.0833333333333 31,0.0833333333333 38,0.583333333333
5,0.05 19,0.0833333333333 20,0.05 35,0.0555555555556 46,0.0625 39,0.698611111111
6,0.1 15,0.0833333333333 24,0.0833333333333 50,0.1 40,0.633333333333
16,0.1 23,0.0625 35,0.0555555555556 41,0.781944444444
17,0.0833333333333 22,0.1 27,0.0714285714286 49,0.1 42,0.645238095238
4,0.0714285714286 34,0.05 36,0.0714285714286 45,0.0714285714286 47,0.0833333333333 43,0.652380952381
50,0.1 44,0.9
4,0.0714285714286 29,0.0714285714286 34,0.05 36,0.0714285714286 43,0.0714285714286 47,0.0714285714286 45,0.592857142857
3,0.05 5,0.05 12,0.05 20,0.05 23,0.0625 35,0.0555555555556 39,0.0625 46,0.619444444444
4,0.0714285714286 34,0.05 36,0.0714285714286 43,0.0833333333333 45,0.0714285714286 47,0.652380952381
2,0.0625 7,0.0555555555556 25,0.0625 30,0.0714285714286 32,0.0714285714286 37,0.0714285714286 48,0.605158730159
17,0.0833333333333 27,0.0714285714286 42,0.1 49,0.745238095238
15,0.0833333333333 24,0.0833333333333 40,0.1 44,0.1 50,0.633333333333
