32933.1688557
20079.8211412
64528.5396565
76674.0013594
82279.8578846
43265.5316577
61689.3036573
69290.9835236
30312.9469361
37640.6634279
57627.4872828
54506.3151024
79913.1667551
6705.90021817
45226.5650785
49544.7328963
71683.8447537
40819.3799633
42173.2499746
33330.1993044
70341.238363
18305.7955119
75178.7759512
72685.0309224
36645.6228781
69272.1266916
5438.02421535
24115.858748
67233.0860781
10710.0316262
80788.5152572
83531.9521396
94810.6283931
20885.3011363
49760.2623231
53760.8298341
32334.3317522
11941.3115354
17699.6423675
72867.7268451
5041.14008761
21451.1086679
15308.4560829
33751.7842022
72703.058772
25465.0468803
93778.0852649
49883.8643612
71036.1376046
62433.6982809
46828.2518674
94901.9972713
12471.3095656
17809.7133414
43733.5809219
97881.2555059
34951.0040047
88396.4677742
26973.2464297
57299.294674
68696.1821801
1354.80212639
68856.2686412
33893.6005687
39652.3808212
22434.1037884
84158.2151919
69052.4682005
26757.1265758
7384.36129739
63334.1983554
86111.8113337
27206.3737126
69615.8041795
53664.5223368
92499.7612619
5312.77763531
62453.3325578
78772.2525536
7812.6719946
33964.129275
47083.5651353
97143.2734634
97632.7914786
29848.8421468
30969.0728808
50105.8127468
8595.70235443
28397.0395746
94189.7324851
14194.8129492
65543.5652108
37369.8276494
54784.2241839
26170.1217345
32270.4691704
13506.590386
30707.0308515
52084.1232214
34904.6619208
41350.615255
85144.558595
20579.0012748
60569.5890891
16984.166857
83005.0330436
29715.6524686
69135.2408587
37211.7783594
94491.3996578
40342.3366481
4751.76369351
34316.2866685
33870.8901451
44551.3417618
88367.9609129
67908.402566
80658.6193723
95353.4987352
1380.17844331
74090.9377601
37979.6017144
47994.968669
95020.3039259
81815.2722069
69568.8517376
8717.13758408
4869.27274346
43736.2494223
75024.3849073
12570.5965994
52148.6641081
47244.3369948
54748.0613025
29404.7640452
1573.00429791
84722.1603597
60776.1970659
6859.22742206
15977.7564302
94285.658503
24436.3335285
5715.84133779
48519.7028191
8836.79815703
35865.5894503
77356.8164458
98790.8210524
31266.3758498
23569.6033099
54171.0339676
96751.3375749
53088.213058
19259.7549323
12419.5995517
29533.5914679
24131.8645812
67888.0903698
35982.545352
9122.98755315
77103.0672474
91720.9637146
5457.66174742
42175.2627537
13974.6985865
32141.9181449
51305.814281
45945.2202534
41688.8393811
4141.66054629
28385.2885435
14059.9804753
10328.8434798
47964.4716159
21428.642268
77738.4715732
887.600871681
72994.0342506
85503.1767291
92874.1134636
65144.8176785
85576.6028466
43410.4720159
61621.9876739
37226.1665163
79043.1933417
79056.2491581
27209.648002
63738.6501466
11817.5105695
13705.422353
41271.5523183
90502.7219735
92167.7682645
62531.1390178
54229.0395698
72920.5195483
98616.4829039
51862.3317842
19365.4156137
41634.6590269
81832.362714
90218.6180666
10827.5143676
61633.1850148
13769.5805603
46962.2103944
33098.5848599
536.656155204
18128.2823653
77511.5707132
34810.2154158
4667.55630024
56406.819805
20786.7251363
30813.8998127
52924.8985417
60559.8470465
86728.4592276
76404.8899255
82337.2725029
90607.4554231
72685.5654174
10907.911023
11953.7600732
33662.1337143
96897.7940708
28434.3098282
6056.65654909
29080.6439593
44132.2735554
47275.4414838
20602.6897561
87355.237821
34145.5111808
90783.1637984
90488.3396859
82694.2877143
73095.5259839
77906.4321899
95493.8521394
66659.2602937
75054.7597207
67756.4471325
42001.6353885
46599.2999162
42331.3715767
9980.57244505
31928.8049419
21474.2067464
72482.1178424
84418.2949536
47307.0600653
29487.4660839
90584.9521537
82181.3553872
59335.4607432
73613.8264138
44116.5230289
24431.5022333
48359.1057509
37441.6405981
90067.5547616
87330.5967722
36574.3466762
79429.7223792
65326.9008612
99326.4293408
28652.2537009
90138.5551301
63283.0874656
24482.7827833
49931.4277635
34534.0287128
64921.5141846
25433.2030474
67086.2377511
47991.518571
15909.0470872
55371.7043746
11375.3066589
80891.3697602
36136.2911661
87387.3173329
98671.1272991
46762.9371182
73432.4639874
23255.0252335
23688.2595443
69195.9961149
45726.3289307
59971.6749551
94737.2699437
60709.1825223
18114.7018848
33889.1512238
64610.5311698
87776.2761772
49652.2312628
29042.963646
23030.2489852
90243.1115181
32343.8926444
81359.4249897
35892.4268636
72330.3693672
42118.9156798
52225.5082591
59888.8641134
83698.2744673
94082.223387
70667.9050524
54890.6464876
99714.0912669
86896.1542742
34842.5425999
25560.4384147
99357.518524
95698.5525297
95773.1275533
10758.9932394
14837.738433
72466.6982147
25627.2786813
81021.9341322
78337.1517668
47533.4572268
39704.8845243
76578.1422823
68753.1959714
54.967801803
87261.5302363
92857.7236893
2279.25018547
65127.2892931
2537.28360632
21853.722229
43945.6671115
73486.9040778
31442.9398642
58557.7815354
56692.3611324
2156.99781822
68644.1604512
79434.6538607
86464.0921495
81465.8003945
53211.5748657
98965.8585597
20096.1329951
73180.2480263
36124.4274676
17545.5033973
27662.5473566
47318.3803771
54333.2814234
86055.0010364
34633.6520893
10867.4031247
67617.7098091
51067.2894941
1030.0717259
91214.2550409
75001.2810244
53430.7343696
88974.8829
45865.426793
48698.1091555
41085.2678631
68098.3883852
26273.7754526
1624.7606565
81068.7075647
90571.0310446
81706.0747583
47410.7210356
11806.1801401
53149.4237335
95338.8112509
19384.1457267
92396.9116457
8507.10471597
98500.2861888
15971.5026706
86218.454249
89328.0542318
32574.0867606
11534.3632506
23747.1851453
10972.6786747
68503.4450112
18651.5828403
89389.442441
40514.7119474
90945.0133284
17684.2539092
71262.523667
48957.6579222
50506.9589662
35585.1495237
50836.5025422
31616.2433292
57573.8685383
6581.76084937
65420.392772
79273.3657445
92208.9228186
54185.5861754
28992.7033281
41519.8833968
20730.6822061
84565.2091066
27337.449767
41751.7722398
43082.0946393
99162.4447348
70631.3574957
70063.1325835
51992.2130968
65819.8315971
619.872286744
16939.4028376
33964.6252966
68477.531123
54453.8667462
25194.573209
89259.6309513
85019.6518325
7965.88788419
60594.6166204
64019.8964299
5807.53427661
75754.9955336
14161.9646838
79898.4953257
16432.1694725
5208.56137198
61201.6032948
29973.9571192
81353.1049099
99048.5919593
59927.3898777
49640.9094418
79416.2995425
79401.3375285
54769.24413
51029.533948
94537.9427483
69849.5913539
50798.610226
20227.2352941
86960.2331649
5280.18707637
48911.0282644
40170.4301784
46917.6096988
83381.0134837
81937.4808813
61914.3075444
97285.0564986
3186.77011712
33329.1249353
48471.8145119
8947.57979056
33481.6905069
38298.7973676
68051.2258841
45388.3119795
16495.3493051
46793.2957964
34849.8473679
91897.6040585
57943.1082389
66828.4765144
58519.0940718
97364.9334804
96949.5686823
84166.9901427
90854.4591709
30688.7739856
69242.6202997
77157.2299414
92078.2473524
90237.2399977
87681.7446901
37482.7888103
34437.084974
91625.6332983
18829.379994
64473.1662975
32288.7599804
68385.5299574
80488.0623673
10250.2843609
15029.1464651
99178.9269681
26149.6476442
73471.6640039
636.649770946
28252.7520527
54107.0878769
83214.291882
57942.3204572
65512.830757
39553.2291229
3617.94717344
70352.4377917
83941.9123754
40621.186945
6310.47183594
45309.5136242
95513.3368364
63996.2487624
37157.2834158
31837.8391142
83547.8599732
17382.18951
38204.4927289
59709.6675112
23034.986541
14493.4966864
93598.1690815
31336.3499441
8150.30148278
1805.35987975
58733.4786532
69816.4674977
69720.8820985
67189.3235016
91749.1640109
9015.93804921
79447.4384256
78467.6799764
84233.6840365
29702.8980182
67148.9910422
97934.5322396
38225.9420149
71152.2432069
64761.7391986
79350.0745142
1314.18006231
88139.3034672
14597.6070185
83135.2771962
14839.0263432
4012.78502653
56603.7189417
63599.7911924
87930.6840362
61600.1770663
23624.183561
57767.6893923
83556.711414
61695.9126371
9573.61978931
44595.8118278
18621.7032093
77569.9293795
41716.4193417
29028.4111467
68560.334056
41901.9853928
45569.1291897
34322.4802016
6548.10764373
37141.155611
68914.1978589
38405.1850211
316.555003462
21824.0220345
80426.5512579
54272.7424985
63682.005555
78149.9204603
81584.3434675
10788.0015017
97434.6830664
8690.92201208
64966.7898231
24853.1514948
46809.0732306
22084.0774249
6969.10290263
13565.8049739
41833.7596678
52411.0667845
14333.7345501
32583.9756453
86991.3709825
93509.9998633
70570.8617347
74815.8052376
11340.501427
42579.0928705
77624.5722969
199.918567386
44193.0756736
64293.1236777
6223.32594503
1502.29128483
27070.8114889
14553.7140861
58416.5852526
13864.451338
73420.2478754
25910.4253378
55829.2533113
98601.1596471
91141.7448847
83753.35538
79460.0944829
66158.4756413
45097.7485746
39400.0387853
89850.6248314
53929.1274979
25356.2275249
73617.5680208
10355.0349551
68527.8222596
43376.7419483
63840.4991917
8159.22679634
67891.2895096
55032.6261034
23238.9258907
74168.0691797
98593.7320003
90659.2289669
43193.7820855
8000.77608781
63122.7029051
47038.1201425
86518.433564
36015.2388861
22239.3534722
81299.7444399
49960.0526333
94649.115886
2124.79170578
40486.7182142
39612.8029903
9907.07158267
36663.6903478
82076.3506977
69412.2603479
99529.693244
68216.4466781
74078.5538547
64963.1145404
58856.8592119
33825.3422738
35921.6142778
77914.8903707
35072.0353709
53335.9834683
40024.1143223
54086.8429443
8166.81489254
58023.6896373
82966.311104
99171.2097885
1975.09156144
79576.6741105
12408.7724736
73958.3084024
33969.8913265
65230.3040803
8532.93934565
71245.8751165
68443.3527504
65200.5408932
59586.2345149
98215.1191905
50916.0872906
30922.1535127
29749.5834051
85370.3973143
32988.4181116
95103.1553324
22433.8724536
19539.7190351
78738.7078161
62913.8089189
46271.0864367
18514.0467106
29035.2143621
37859.362745
13627.4576835
74317.3468702
22706.2680537
91541.4714089
92484.3831624
65986.4191887
65529.1714068
21934.6000286
9950.16698313
57774.8571407
22670.2237742
43042.9490195
84958.9718237
64826.0522779
40451.5565744
93240.0542667
9012.85770061
75201.2535751
93728.544185
74199.6761383
95955.853634
6307.88443907
88609.020923
33772.6619224
68822.0066647
87991.6719487
42578.9586543
8891.51418979
66003.7443157
94897.5013754
44095.718675
13253.3371555
84485.6286205
64191.1865919
2262.29543809
71163.0517483
78870.4990525
26578.0586333
53556.2580092
80557.6562577
45889.5272445
14896.4316299
85085.2852907
44450.6183613
71058.4417768
88386.3946432
24480.2344957
37796.8266444
55945.6314722
80392.1779596
75305.8555154
64464.656474
9545.18995384
77557.8636421
82318.5192891
42396.5515877
24430.0894459
58867.0490432
12462.2218873
47332.1850096
87323.1749816
19375.6056985
73322.6003034
23457.0275311
89371.683445
99920.9359747
87896.618009
32847.1770564
85364.6367339
95889.5089897
73887.020694
43952.724816
40360.6009329
82826.6178665
14254.8340605
35234.0633365
31845.8226606
94024.2205702
30190.8976059
50278.4653609
66143.20595
92229.0380688
2145.3460106
99998.4697821
43477.0081699
75419.3352529
59690.7928952
37897.2387837
70871.2212356
10773.8365857
11584.2320707
416.496956061
87088.658176
22237.8085871
72203.3751461
49982.9065905
35206.8183809
94213.0884735
8902.01583237
92988.974178
6963.9618622
56347.9576475
93290.970014
54528.6551921
32150.1639276
4493.49545749
58039.901751
74094.8144584
91746.3290838
5145.32644047
69319.6562408
80618.0580529
56547.1143381
14083.5318014
46286.3846884
70894.1610874
92264.9218362
29307.5812334
16096.7104766
53148.6066432
85994.7652569
26952.7663095
33643.2667286
92909.8942032
51305.644265
2855.03796603
73996.0114153
59312.1985944
30799.5369447
23040.1185433
68908.3615377
28030.8961077
7496.91104268
91142.158713
55191.3524434
61518.4948877
94492.4025858
57941.881135
11187.8720169
10265.7533363
66179.3419307
43914.906542
88651.3893597
9543.26295065
6976.93847287
55440.9694242
41325.2698828
28356.3502096
87016.7664277
70096.4037183
78544.0789356
86138.3902578
88947.3318632
49883.3357136
58278.9860326
94562.697937
61045.5989977
3716.75226433
11626.2261975
75173.3937133
35953.0974473
97354.9570432
64791.4164936
23996.3326527
91261.216576
76507.8061864
43742.1016314
16496.704333
15816.3069714
28758.3900289
4040.6441824
79955.0703539
59681.0409819
62087.8116983
20905.9590819
96723.9998558
54058.3552942
65475.8256496
79551.540917
23846.6241629
73933.7731397
97931.5597922
25345.3030644
5213.26410219
30542.804919
53236.9233583
30064.889098
18185.6286765
13260.6670716
49400.5957022
63800.4996048
68035.8535212
88234.8644368
48036.8320512
45704.928727
55876.5877086
68330.1473039
25693.8427025
39329.2510459
79917.3535919
35671.8106065
87035.1421477
76569.4615936
88046.5107111
63129.9241677
90764.3674325
72984.1520234
65778.3300807
90978.636345
52737.2607931
31721.3871059
23320.0782115
30106.6456826
6766.2538069
19168.4497603
57498.7940063
97025.7473504
43931.0193343
96500.1862559
82571.8444311
92498.2210694
36931.1540172
51998.2584378
87864.2562876
79673.0158547
91241.5881993
7607.24977877
29772.5440157
71440.7391757
48351.8241959
78074.0245667
74259.4009991
37942.7383451
41831.0683366
73182.2306551
48635.0700259
86109.4075558
51411.7523965
16102.7535935
8348.99939929
76340.4486409
13254.2676522
22841.059507
64585.3221338
92109.8470135
1264.99361006
11167.3426515
46275.2163662
83946.694117
19669.7038035
45586.380293
16369.6075187
36837.4675454
50742.7053704
7868.02049583
54852.1281668
27486.2985954
5359.64130168
57431.8530094
1217.10634239
72460.2426511
97141.8987468
84555.9556029
80415.5742228
85479.1873115
12243.4860877
10512.7610225
46580.3777061
87369.1999006
66971.8664468
62062.8913645
73445.1516437
61585.3144256
46899.8806626
45572.9762067
81350.1985123
908.36828343
11921.0052811
27558.831674
97033.7657738
90251.5993635
32650.3733457
42381.8391283
86599.534075
55507.7978704
9214.42380522
67219.8329681
58040.4354245
56152.0708734
55468.3721674
60021.6134503
91924.4555089
58527.7882887
89543.4928207
12782.7817317
53721.5186616
52932.1759602
43720.6884287
33846.4110834
84998.856725
59825.4844443
91390.3187692
33092.8226157
11682.4565147
63164.3930507
91714.3570631
99277.7413276
85224.0395221
19311.3939676
20033.2835944
